[check3] 22 runs in 213s
   beta    start      E          dE        C          dC     seed
0.9950  cold   0.42585  0.00099      2.023    0.147  73303
0.9950  hot    0.42678  0.00064      1.679    0.113  73302
0.9975  cold   0.41897  0.00089      2.365    0.245  73328
0.9975  hot    0.42077  0.00087      2.160    0.182  73327
1.0000  cold   0.41380  0.00127      2.344    0.199  73353
1.0000  hot    0.41285  0.00115      2.650    0.278  73352
1.0025  cold   0.40896  0.00117      2.482    0.340  73378
1.0025  hot    0.40587  0.00186      4.115    0.893  73377
1.0050  cold   0.40154  0.00197      3.815    0.806  73403
1.0050  hot    0.39712  0.00301      6.308    2.314  73402
1.0075  cold   0.35995  0.00435     10.169    2.592  73428
1.0075  hot    0.36306  0.00324      6.902    1.705  73427
1.0100  cold   0.34586  0.00111      2.127    0.421  73453
1.0100  hot    0.34823  0.00149      2.499    0.495  73452
1.0125  cold   0.34102  0.00065      1.542    0.116  73478
1.0125  hot    0.34110  0.00059      1.383    0.175  73477
1.0150  cold   0.33763  0.00060      1.463    0.230  73503
1.0150  hot    0.33725  0.00065      1.298    0.150  73502
1.0175  cold   0.33424  0.00034      1.145    0.094  73528
1.0175  hot    0.33534  0.00063      1.119    0.119  73527
1.0200  cold   0.33214  0.00037      0.947    0.051  73553
1.0200  hot    0.33151  0.00026      0.891    0.035  73552
C max at beta=1.0075 (cold, C=10.17); required in [1.000, 1.012] -> PASS
cold jump interval: [1.005, 1.0075], fall=0.04159; E*_hc=0.38074
[check3] done in 213s
