[s51] 102 runs in 66s
   beta    start      E          dE        C          dC     seed
0.4000  cold   0.77514  0.00031      0.715    0.025  35677
0.4000  hot    0.77599  0.00028      0.701    0.024  35676
0.4100  cold   0.76915  0.00035      0.741    0.015  35777
0.4100  hot    0.76781  0.00025      0.696    0.025  35776
0.4200  cold   0.76106  0.00037      0.773    0.029  35877
0.4200  hot    0.76138  0.00033      0.751    0.029  35876
0.4300  cold   0.75366  0.00037      0.777    0.029  35977
0.4300  hot    0.75401  0.00041      0.769    0.023  35976
0.4400  cold   0.74548  0.00024      0.790    0.027  36077
0.4400  hot    0.74601  0.00035      0.795    0.021  36076
0.4500  cold   0.73775  0.00039      0.810    0.021  36177
0.4500  hot    0.73786  0.00034      0.803    0.030  36176
0.4600  cold   0.72927  0.00034      0.801    0.026  36277
0.4600  hot    0.72905  0.00038      0.825    0.025  36276
0.4700  cold   0.72118  0.00059      0.860    0.036  36377
0.4700  hot    0.72098  0.00046      0.843    0.034  36376
0.4800  cold   0.71163  0.00045      0.873    0.026  36477
0.4800  hot    0.71150  0.00038      0.842    0.024  36476
0.4900  cold   0.70272  0.00040      0.929    0.029  36577
0.4900  hot    0.70323  0.00049      0.975    0.028  36576
0.5000  cold   0.69371  0.00062      0.977    0.038  36677
0.5000  hot    0.69302  0.00050      0.999    0.041  36676
0.5100  cold   0.68384  0.00058      1.059    0.040  36777
0.5100  hot    0.68373  0.00060      1.000    0.042  36776
0.5200  cold   0.67261  0.00049      1.107    0.047  36877
0.5200  hot    0.67197  0.00059      1.067    0.033  36876
0.5300  cold   0.66029  0.00053      1.157    0.048  36977
0.5300  hot    0.66162  0.00056      1.135    0.064  36976
0.5400  cold   0.64912  0.00069      1.142    0.046  37077
0.5400  hot    0.64855  0.00058      1.149    0.061  37076
0.5500  cold   0.63443  0.00056      1.441    0.066  37177
0.5500  hot    0.63606  0.00091      1.299    0.046  37176
0.5600  cold   0.62058  0.00092      1.561    0.059  37277
0.5600  hot    0.62065  0.00081      1.431    0.066  37276
0.5700  cold   0.60580  0.00118      1.731    0.096  37377
0.5700  hot    0.60558  0.00114      1.684    0.089  37376
0.5800  cold   0.58613  0.00121      1.820    0.110  37477
0.5800  hot    0.58795  0.00112      1.879    0.109  37476
0.5900  cold   0.56458  0.00176      2.482    0.199  37577
0.5900  hot    0.55948  0.00189      3.333    0.464  37576
0.6000  cold   0.52707  0.00613      6.455    1.376  37677
0.6000  hot    0.52287  0.00761      9.355    1.830  37676
0.6100  cold   0.43820  0.00882      9.773    2.322  37777
0.6100  hot    0.42502  0.00620      6.496    1.713  37776
0.6200  cold   0.39237  0.00154      2.013    0.294  37877
0.6200  hot    0.39455  0.00276      2.624    0.644  37876
0.6300  cold   0.37624  0.00088      1.465    0.085  37977
0.6300  hot    0.37427  0.00135      1.652    0.146  37976
0.6400  cold   0.36228  0.00082      1.324    0.058  38077
0.6400  hot    0.36189  0.00077      1.242    0.053  38076
0.6500  cold   0.35101  0.00063      1.105    0.048  38177
0.6500  hot    0.35045  0.00050      1.091    0.042  38176
0.6600  cold   0.33944  0.00059      0.977    0.042  38277
0.6600  hot    0.34095  0.00046      0.939    0.039  38276
0.6700  cold   0.33152  0.00044      0.816    0.026  38377
0.6700  hot    0.33114  0.00058      0.866    0.038  38376
0.6800  cold   0.32281  0.00059      0.814    0.030  38477
0.6800  hot    0.32277  0.00061      0.864    0.038  38476
0.6900  cold   0.31458  0.00042      0.697    0.030  38577
0.6900  hot    0.31449  0.00045      0.708    0.021  38576
0.7000  cold   0.30906  0.00046      0.691    0.023  38677
0.7000  hot    0.30813  0.00036      0.681    0.021  38676
0.7100  cold   0.30180  0.00033      0.647    0.023  38777
0.7100  hot    0.31406  0.00046      0.712    0.032  38776
0.7200  cold   0.29393  0.00043      0.614    0.021  38877
0.7200  hot    0.29520  0.00030      0.596    0.023  38876
0.7300  cold   0.28907  0.00035      0.588    0.019  38977
0.7300  hot    0.28852  0.00024      0.540    0.017  38976
0.7400  cold   0.28376  0.00027      0.529    0.012  39077
0.7400  hot    0.28280  0.00032      0.572    0.021  39076
0.7500  cold   0.27846  0.00043      0.553    0.017  39177
0.7500  hot    0.27771  0.00028      0.507    0.019  39176
0.7600  cold   0.27274  0.00026      0.491    0.019  39277
0.7600  hot    0.27305  0.00032      0.507    0.019  39276
0.7700  cold   0.26797  0.00031      0.478    0.014  39377
0.7700  hot    0.26774  0.00035      0.475    0.017  39376
0.7800  cold   0.26347  0.00036      0.447    0.010  39477
0.7800  hot    0.26271  0.00029      0.476    0.018  39476
0.7900  cold   0.25874  0.00026      0.430    0.013  39577
0.7900  hot    0.25865  0.00027      0.464    0.014  39576
0.8000  cold   0.25417  0.00031      0.425    0.015  39677
0.8000  hot    0.26533  0.00026      0.435    0.017  39676
0.8100  cold   0.24994  0.00026      0.407    0.013  39777
0.8100  hot    0.26164  0.00030      0.424    0.012  39776
0.8200  cold   0.24647  0.00026      0.394    0.013  39877
0.8200  hot    0.24616  0.00028      0.380    0.014  39876
0.8300  cold   0.24226  0.00031      0.384    0.014  39977
0.8300  hot    0.24185  0.00027      0.373    0.010  39976
0.8400  cold   0.23885  0.00028      0.360    0.013  40077
0.8400  hot    0.23829  0.00020      0.369    0.011  40076
0.8500  cold   0.23489  0.00029      0.352    0.013  40177
0.8500  hot    0.24582  0.00023      0.364    0.009  40176
0.8600  cold   0.23144  0.00023      0.357    0.008  40277
0.8600  hot    0.23154  0.00026      0.336    0.011  40276
0.8700  cold   0.22838  0.00028      0.340    0.013  40377
0.8700  hot    0.22849  0.00016      0.326    0.010  40376
0.8800  cold   0.22464  0.00018      0.300    0.012  40477
0.8800  hot    0.23527  0.00019      0.322    0.014  40476
0.8900  cold   0.22206  0.00021      0.323    0.012  40577
0.8900  hot    0.22196  0.00024      0.321    0.009  40576
0.9000  cold   0.21940  0.00028      0.303    0.009  40677
0.9000  hot    0.21917  0.00017      0.293    0.007  40676
beta0 = 0.61 (C=9.77, cold)
[s51] done in 66s
