[s52] 26 runs in 651s
   beta    start      E          dE        C          dC     seed
0.5800  cold   0.58781  0.00022      1.889    0.073  69153
0.5800  hot    0.58749  0.00022      2.037    0.071  69152
0.5850  cold   0.57817  0.00035      2.336    0.121  69203
0.5850  hot    0.57780  0.00029      2.187    0.094  69202
0.5900  cold   0.56688  0.00024      2.411    0.097  69253
0.5900  hot    0.56674  0.00023      2.334    0.141  69252
0.5950  cold   0.55459  0.00029      2.574    0.168  69303
0.5950  hot    0.55391  0.00049      2.773    0.161  69302
0.6000  cold   0.53971  0.00047      3.150    0.173  69353
0.6000  hot    0.53959  0.00042      2.992    0.208  69352
0.6050  cold   0.52101  0.00075      4.189    0.442  69403
0.6050  hot    0.52209  0.00056      3.575    0.196  69402
0.6100  cold   0.50193  0.00089      4.654    0.399  69453
0.6100  hot    0.49710  0.00109      6.320    0.677  69452
0.6150  cold   0.40808  0.00060      2.795    0.320  69503
0.6150  hot    0.40838  0.00066      3.374    0.233  69502
0.6200  cold   0.39570  0.00037      2.219    0.138  69553
0.6200  hot    0.39526  0.00035      2.203    0.108  69552
0.6250  cold   0.38599  0.00019      1.787    0.066  69603
0.6250  hot    0.38587  0.00018      1.602    0.058  69602
0.6300  cold   0.37745  0.00018      1.487    0.041  69653
0.6300  hot    0.37746  0.00016      1.543    0.077  69652
0.6350  cold   0.37048  0.00015      1.421    0.041  69703
0.6350  hot    0.37029  0.00020      1.337    0.043  69702
0.6400  cold   0.36394  0.00014      1.210    0.037  69753
0.6400  hot    0.36385  0.00015      1.276    0.040  69752
beta8 = 0.61 (C=6.32, hot); extensions=0
jump interval L=8 hot : [0.61, 0.615] fall=0.08873
jump interval L=8 cold: [0.61, 0.615] fall=0.09385
[s52] done in 651s
